4.039821076194048288e+00 1.263290479874669829e-28 9.497103861990186975e-29
4.080463895111591910e+00 1.282623705345196608e-28 9.569499123972788836e-29
4.121515603110711190e+00 1.305987376324945304e-28 9.656262547281642576e-29
4.162980313840146884e+00 1.144752549029243557e-28 9.040561096497530552e-29
4.204862182334211163e+00 2.816559006978336833e-29 4.484344851392439345e-29
4.247165405429142560e+00 4.761612083857252788e-29 5.830644753052594829e-29
4.289894222183654904e+00 5.132336745492669090e-29 6.053368992097018817e-29
4.333052914303725522e+00 3.726867830342408730e-29 5.158359090003703037e-29
4.376645806571643149e+00 3.366979624216928049e-29 4.902976593866150618e-29
4.420677267279378597e+00 4.287857053666942167e-29 5.532987960497790651e-29
4.465151708666321717e+00 1.573753897856104493e-28 1.060005174411234566e-28
4.510073587361421055e+00 3.277138962839937392e-28 1.529632155427395587e-28
4.555447404829750191e+00 4.004289007156170261e-28 1.690839104541160349e-28
4.601277707823593133e+00 4.484026001089613994e-28 1.789260757587623052e-28
4.647569088838067408e+00 4.799642278104234081e-28 1.851160228249606744e-28
4.694326186571313286e+00 4.758940277613364988e-28 1.843294397998431422e-28
4.741553686389312183e+00 5.103753277462736849e-28 1.908905423255050080e-28
4.789256320795410637e+00 4.977915543603487919e-28 1.885225640622210101e-28
4.837438869904536531e+00 4.978178180309072354e-28 1.885275372574928573e-28
4.886106161922191937e+00 6.006501198131724937e-28 2.070858189941829437e-28
4.935263073628288311e+00 6.502091326677893370e-28 2.154597286131457858e-28
4.984914530865821369e+00 7.189000003349790761e-28 2.265550868197617361e-28
5.035065509034459375e+00 6.998190348956357698e-28 2.235282671641263478e-28
5.085721033589137186e+00 7.442356784676219108e-28 2.305126794640508693e-28
5.136886180543629443e+00 6.895513973355302434e-28 2.218824217306546283e-28
5.188566076979181929e+00 7.230053850741190201e-28 2.272010540691577863e-28
5.240765901558302353e+00 7.442138361325001188e-28 2.305092968177446835e-28
5.293490885043698135e+00 7.719015287565733114e-28 2.347580678355726011e-28
5.346746310822405590e+00 7.868263854182412022e-28 2.370167471145634597e-28
5.400537515435240188e+00 8.163317447781590265e-28 2.414198181934592793e-28
5.454869889111559011e+00 7.517880393299145872e-28 2.316793264278866897e-28
5.509748876309379817e+00 9.360091737576381178e-28 2.585113576589277208e-28
5.565179976260949957e+00 7.586482077661903478e-28 2.327339786628007356e-28
5.621168743523831779e+00 7.999771010743863321e-28 2.389892430698306558e-28
5.677720788537480523e+00 8.850298735462229493e-28 2.513729495118203312e-28
5.734841778185444383e+00 7.463199817854968053e-28 2.308352402027605768e-28
5.792537436363241810e+00 9.137525637198308006e-28 2.554193998556946588e-28
5.850813544551926704e+00 8.402836414973588119e-28 2.449359487488174258e-28
5.909675942397418780e+00 8.386730884384234312e-28 2.447011045085695675e-28
5.969130528295690574e+00 9.420027910832327299e-28 2.593377094346658348e-28
6.029183259983817322e+00 1.056541103149746989e-27 2.746520054772247387e-28
6.089840155136973188e+00 1.064071352537154221e-27 2.756290266336685428e-28
6.151107291971456448e+00 1.307510422029968109e-27 3.055358359880832721e-28
6.212990809853768504e+00 1.548895310774723659e-27 3.325451424305829985e-28
6.275496909915790233e+00 1.962200187554516499e-27 3.742925925969933002e-28
6.338631855676208460e+00 1.683954876004202242e-27 3.467406833714253969e-28
6.402401973668153445e+00 1.405266935871172714e-27 3.167517258720938014e-28
6.466813654073138018e+00 1.562031675712142803e-27 3.339523424804040559e-28
6.531873351361413782e+00 1.716155287003114446e-27 3.500401547691439434e-28
6.597587584938763960e+00 1.742287343148669162e-27 3.526951330473369592e-28
6.663962939799760399e+00 1.944659603382984969e-27 3.726158908664944150e-28
6.731006067187636610e+00 2.518703326291261531e-27 4.240607564799783938e-28
6.798723685260793737e+00 2.429530885630714101e-27 4.164863651350676580e-28
6.867122579765996271e+00 2.726428459734844326e-27 4.412011432570584569e-28
6.936209604718335697e+00 3.317429985146126994e-27 4.866765926498069366e-28
7.005991683088074851e+00 3.495903129233977309e-27 4.995963661584865486e-28
7.076475807494357895e+00 3.967537726583837392e-27 5.322309287059109491e-28
7.147669040905906712e+00 3.814775071995636012e-27 5.218840739211575038e-28
7.219578517348796076e+00 4.777195477947945725e-27 5.840177975633898654e-28
7.292211442621330697e+00 4.711146146098297071e-27 5.799664408749021206e-28
7.365575095016087204e+00 4.839099828080944905e-27 5.877895580002585014e-28
7.439676826049268499e+00 4.993803903100137295e-27 5.971113386028764448e-28
7.514524061197376703e+00 6.081670521279060124e-27 6.589478116026601956e-28
7.590124300641273081e+00 6.142787735962649631e-27 6.622505538198275831e-28
7.666485120017767940e+00 5.859642333355991657e-27 6.468076232694659080e-28
7.743614171178736960e+00 7.165554312378427412e-27 7.152608788200194217e-28
7.821519182957890060e+00 8.064576296024755880e-27 7.588052960633478267e-28
7.900207961945232782e+00 7.241902863981388231e-27 7.190613131841034646e-28
7.979688393269378288e+00 9.629737029970415192e-27 8.291761268481869481e-28
8.059968441387656668e+00 1.013274740711115862e-26 8.505565319771455926e-28
8.141056150884198317e+00 1.151602254482831547e-26 9.067568166022464345e-28
8.222959647276089967e+00 1.174005969777121080e-26 9.155345297466610780e-28
8.305687137827574062e+00 1.325265403782042114e-26 9.727270795815459414e-28
8.389246912372472664e+00 1.348214234855067193e-26 9.811129994246110097e-28
8.473647344144897176e+00 1.418542403384571767e-26 1.006377079553047007e-27
8.558896890618298059e+00 1.457754975497774676e-26 1.020191831970717565e-27
8.645004094352936264e+00 1.545766367928781202e-26 1.050537362683791539e-27
8.731977583851938007e+00 1.597577327986476073e-26 1.067998198682399180e-27
8.819826074425909823e+00 1.609937456007338734e-26 1.072121679891510118e-27
8.908558369066255977e+00 1.686599677110228699e-26 1.097351046914420341e-27
8.998183359327313724e+00 1.737448663331019614e-26 1.113770130225322876e-27
9.088710026217361460e+00 1.802226285671013469e-26 1.134342582969508155e-27
9.180147441098531758e+00 1.847127221378928467e-26 1.148386240195682258e-27
9.272504766595830006e+00 1.878416427017106389e-26 1.158071875599651980e-27
9.365791257515340362e+00 1.800985753396210652e-26 1.133952112906703898e-27
9.460016261771555079e+00 1.314794782758652111e-26 9.688768115893465823e-28
9.555189221324114968e+00 1.564080946438316382e-26 1.056742535136376206e-27
9.651319673123978760e+00 1.476228533090993858e-26 1.026635726670262247e-27
9.748417250069062234e+00 1.589501199358254355e-26 1.065295287519997145e-27
9.846491681969519405e+00 1.809246184834956155e-26 1.136549639731469590e-27
9.945552796522745709e+00 2.096537372432984289e-26 1.223463113175826985e-27
1.004561052029817247e+01 2.298166593013345689e-26 1.280944547894833679e-27
1.014667487973195570e+01 2.406177133717109480e-26 1.310700223679481194e-27
1.024875600213172433e+01 2.444301530780745825e-26 1.321043035345884050e-27
1.035186411669138806e+01 2.529677366203804014e-26 1.343916058573501623e-27
1.045600955551614142e+01 2.580826821411075824e-26 1.357434890059519778e-27
1.056120275465785063e+01 2.626197908640564748e-26 1.369314797750331835e-27
1.066745425516079671e+01 2.700486037863786529e-26 1.388546870580343595e-27
1.077477470411794158e+01 2.756912077015611210e-26 1.402978558515149719e-27
1.088317485573786314e+01 2.809394619150332548e-26 1.416269651657683163e-27
1.099266557242238562e+01 2.855874660731302384e-26 1.427937330365651192e-27
1.110325782585506005e+01 2.933862457341485109e-26 1.447302961545406540e-27
1.121496269810058166e+01 2.971918356317271660e-26 1.456659391172891640e-27
1.132779138271532915e+01 3.016914599873299826e-26 1.467645219336784670e-27
1.144175518586900075e+01 3.076548185090632214e-26 1.482079282993930490e-27
1.155686552747755691e+01 3.135255971546628270e-26 1.496153241152666457e-27
1.167313394234759905e+01 3.151751380652118197e-26 1.500083906397345887e-27
1.179057208133222723e+01 3.219393841345621922e-26 1.516095750143553230e-27
1.190919171249848851e+01 3.276377557169055309e-26 1.529454448856505700e-27
1.202900472230668427e+01 3.332297482920723241e-26 1.542451291248121800e-27
1.215002311680142455e+01 3.381871594561093064e-26 1.553882346958255851e-27
1.227225902281470837e+01 3.403951298615258438e-26 1.558946620324019311e-27
1.239572468918114190e+01 3.411397643890086684e-26 1.560650832895059140e-27
1.252043248796533526e+01 3.370156927064587393e-26 1.551188719232111078e-27
1.264639491570164154e+01 3.456436029818159544e-26 1.570919163578793603e-27
1.277362459464643507e+01 3.530208827358137286e-26 1.587595189047106266e-27
1.290213427404293611e+01 3.551067584228465501e-26 1.592278550720821170e-27
1.303193683139872228e+01 3.568737883643713505e-26 1.596235265608577025e-27
1.316304527377617184e+01 3.494036728339169110e-26 1.579440641186646154e-27
1.329547273909587979e+01 3.279878610987458846e-26 1.530271398755271792e-27
1.342923249745313186e+01 2.995810955720150091e-26 1.462503042456869833e-27
1.356433795244763552e+01 2.887537272560972413e-26 1.435831164223709846e-27
1.370080264252669977e+01 2.879506737339515801e-26 1.433833177759270273e-27
1.383864024234185131e+01 2.685453149036507440e-26 1.384676641035231227e-27
1.397786456411909839e+01 2.629700142204988044e-26 1.370227535981225983e-27
1.411848955904304681e+01 2.368233038517307575e-26 1.300324644599212897e-27
1.426052931865488915e+01 2.137055964874095623e-26 1.235229126381884364e-27
1.440399807626443263e+01 2.058664477756587701e-26 1.212362127931737136e-27
1.454891020837643012e+01 2.118291414966526463e-26 1.229794167335286136e-27
1.469528023613116297e+01 2.173545073915117206e-26 1.245729936678846173e-27
1.484312282675954009e+01 2.222164927423710205e-26 1.259585696587888645e-27
1.499245279505288586e+01 2.590918030723535454e-26 1.360086132564330590e-27
1.514328510484747348e+01 2.289460545919264740e-26 1.278515971726094865e-27
1.529563487052394954e+01 2.288154540535742587e-26 1.278151259843030442e-27
1.544951735852196073e+01 2.358176887164324435e-26 1.297560944385158126e-27
1.560494798886994161e+01 2.299179655079491056e-26 1.281226845391796193e-27
1.576194233673023426e+01 2.413777844411818727e-26 1.312768732725830884e-27
1.592051613395988596e+01 2.655917715927243832e-26 1.377041040229372794e-27
1.608068527068709130e+01 3.140983983014347394e-26 1.497519329328803248e-27
1.624246579690344561e+01 2.953212337241123273e-26 1.452067860129648713e-27
1.640587392407225309e+01 3.413789506323278601e-26 1.561197853266769040e-27
1.657092602675307802e+01 3.493582052502118101e-26 1.579337872252677122e-27
1.673763864424252645e+01 3.434833084308750232e-26 1.566002296399889253e-27
1.690602848223162624e+01 3.678985458725923692e-26 1.620703654957800444e-27
1.707611241447980888e+01 3.986319007006394320e-26 1.687040859145172727e-27
1.724790748450583422e+01 3.946352121423200803e-26 1.678562407679242250e-27
1.742143090729557287e+01 4.031520087547096817e-26 1.696578620507682109e-27
1.759670007102714706e+01 3.962954862495315097e-26 1.682089650808056029e-27
1.777373253881329873e+01 4.232391447051508308e-26 1.738331059373493915e-27
1.795254605046129370e+01 4.242689138716964222e-26 1.740444512518403237e-27
1.813315852425063568e+01 4.208135922415427801e-26 1.733342778400983558e-27
1.831558805872858287e+01 3.968534615529195541e-26 1.683273406841923964e-27
1.849985293452366975e+01 4.272358392579193513e-26 1.746519401189809172e-27
